1
1001
1405
210830
Collier
12
1405
210730
Collier
3
1805
201730
Collier
-1
1406
201810
Hinek
8
1805
201810
Collier
10
2401
201820
Lanthier
8
2406
201820
Nel
10
2402
201820
Hinek
0
0
1
1002
1405
201720
Collin
0
1805
201720
Collin
10
1601
201720
Nel
10
1405
201730
Collin
8
1406
201810
Hinek
0
2406
201810
Nel
9
0
1
1003
1405
201710
Collin
9
1406
201720
Hinek
11
1805
201810
Collin
4
2402
201830
Hinek
7
2406
201820
Nel
0
2401
201810
Nussbaum
6
2404
201810
Laurendeau
5
2804
201810
Michiel
10
3005
201820
Nel
0
0
1
1004
1405
210730
Collin
3
1406
201810
Hinek
1
1805
201730
Collin
-1
2401
201720
Lanthier
0
2402
201810
Hinek
0
0
1
1005
1405
201720
Collin
0
1405
201730
Collin
7
1406
201810
Hinek
10
1805
201730
Collin
0
2804
201810
Smid
12
2401
201810
Laurendeau
10
0
1
1006
1405
201710
Collin
9
1406
201720
Hinek
1
1805
201810
Collin
4
2402
201830
Hinek
7
2406
201820
Nel
0
2401
201810
Nussbaum
6
2804
201810
Michiel
10
2404
201810
Laurendeau
5
0
1
1007
1405
210730
Collin
-1
1406
201810
Hinek
0
1805
201730
Collin
-1
2401
201720
Lanthier
8
2402
201810
Hinek
0
0
1
1008
1405
201720
Collin
0
1405
201730
Collin
-1
1406
201810
Hinek
10
1805
201730
Collin
0
1601
201810
Nel
1
2501
201810
Collin
9
1805
201820
Collin
1
0
1
1009
1405
201710
Collin
9
1406
201720
Hinek
11
1805
201810
Collin
4
2402
201830
Hinek
7
2406
201820
Nel
12
2804
201810
Michiel
9
2801
201810
Lanthier
11
2401
201810
Nussbaum
6
2404
201810
Laurendeau
5
0
1
1010
1405
201710
Mark
-1
1405
201720
Collin
10
1805
201720
Hinek
10
2402
201810
Hinek
0
2402
201820
Hinek
0
2406
201820
Nel
9
0
1
1011
1405
201730
Collin
3
1406
201810
Hinek
5
1501
201810
Collier
9
1805
201730
Collin
-1
2401
201720
Lanthier
8
2402
201810
Hinek
0
2501
201910
Mould
11
0
1
1012
1405
201720
Collin
0
1405
201730
Collin
7
1406
201810
McKenney
10
1805
201730
Stojmenovic
0
2601
201810
Nel
10
1805
201820
Collier
8
0
1
1013
1805
201810
Collin
4
1406
201720
Hinek
11
2402
201830
Hinek
7
2406
201820
Nel
12
2401
201810
Nussbaum
6
2404
201810
Laurendeau
5
1405
201710
Collin
9
0
1
1014
1405
210730
Runka
-1
1406
201810
McKenney
5
1805
201710
Collin
-1
2401
201720
Lanthier
0
1805
201730
Stojmenovic
6
2402
201810
Hinek
0
0
1
1015
1406
201720
Runka
0
1405
201720
Collier
7
1406
201810
Hinek
10
1805
201730
Stojmenovic
9
1805
201710
Collier
0
1601
201810
Nel
10
0
1
1016
1405
201710
Collier
-1
1406
201720
McKenney
11
1805
201810
Collin
4
2402
201830
Hinek
0
2402
201630
Hinek
2
1405
201810
Collier
10
2406
201820
Nel
12
2401
201810
Laurendeau
6
1005
201910
Mark
9
2402
201930
Hinek
10
2404
201810
Laurendeau
5
0
0
0
